image: map.png
resolution: 0.4
origin: [-30.000000, -30.000000, 0]
negate: 0
occupied_thresh: 0.65
free_thresh: 0.196
